idx	label	predict	radius	correct	time
0	tensor([7])	7	0.616	1	0:00:00.113966
1	tensor([2])	2	0.589	1	0:00:00.102073
2	tensor([1])	1	0.445	1	0:00:00.098820
3	tensor([0])	0	0.416	1	0:00:00.101276
4	tensor([4])	4	0.396	1	0:00:00.102975
5	tensor([1])	7	0.41	0	0:00:00.102908
6	tensor([4])	4	0.283	1	0:00:00.105339
7	tensor([9])	9	0.589	1	0:00:00.102257
8	tensor([5])	5	0.291	1	0:00:00.099558
9	tensor([9])	9	0.616	1	0:00:00.101182
10	tensor([0])	0	0.616	1	0:00:00.101530
11	tensor([6])	6	0.616	1	0:00:00.100702
12	tensor([9])	9	0.571	1	0:00:00.099182
13	tensor([0])	-1	0.0	0	0:00:00.100781
14	tensor([1])	1	0.616	1	0:00:00.101615
15	tensor([5])	5	0.0587	1	0:00:00.100960
16	tensor([9])	8	0.472	0	0:00:00.103085
17	tensor([7])	7	0.225	1	0:00:00.099311
18	tensor([3])	8	0.114	0	0:00:00.099671
19	tensor([4])	4	0.193	1	0:00:00.101360
20	tensor([9])	-1	0.0	0	0:00:00.099614
21	tensor([6])	6	0.501	1	0:00:00.100439
22	tensor([6])	8	0.0469	0	0:00:00.102096
23	tensor([5])	5	0.544	1	0:00:00.103256
24	tensor([4])	4	0.045	1	0:00:00.100919
25	tensor([0])	0	0.616	1	0:00:00.099781
26	tensor([7])	7	0.516	1	0:00:00.100249
27	tensor([4])	4	0.501	1	0:00:00.101836
28	tensor([0])	0	0.616	1	0:00:00.101659
29	tensor([1])	8	0.354	0	0:00:00.098967
30	tensor([3])	3	0.589	1	0:00:00.101373
31	tensor([1])	8	0.31	0	0:00:00.100470
32	tensor([3])	8	0.488	0	0:00:00.101001
33	tensor([4])	8	0.416	0	0:00:00.100788
34	tensor([7])	7	0.616	1	0:00:00.099724
35	tensor([2])	8	0.524	0	0:00:00.099677
36	tensor([7])	7	0.544	1	0:00:00.100327
37	tensor([1])	1	0.616	1	0:00:00.101281
38	tensor([2])	2	0.571	1	0:00:00.103045
39	tensor([1])	1	0.571	1	0:00:00.099941
40	tensor([1])	1	0.208	1	0:00:00.099557
41	tensor([7])	7	0.616	1	0:00:00.100275
42	tensor([4])	4	0.616	1	0:00:00.098884
43	tensor([2])	8	0.571	0	0:00:00.102981
44	tensor([3])	8	0.616	0	0:00:00.100492
45	tensor([5])	5	0.15	1	0:00:00.101616
46	tensor([1])	1	0.557	1	0:00:00.100229
47	tensor([2])	2	0.616	1	0:00:00.099142
48	tensor([4])	4	0.0994	1	0:00:00.101383
49	tensor([4])	4	0.0219	1	0:00:00.099502
50	tensor([6])	-1	0.0	0	0:00:00.099806
51	tensor([3])	3	0.261	1	0:00:00.100399
52	tensor([5])	5	0.125	1	0:00:00.099828
53	tensor([5])	5	0.589	1	0:00:00.100305
54	tensor([6])	-1	0.0	0	0:00:00.101379
55	tensor([0])	8	0.383	0	0:00:00.099737
56	tensor([4])	4	0.616	1	0:00:00.099838
57	tensor([1])	1	0.616	1	0:00:00.100664
58	tensor([9])	9	0.616	1	0:00:00.101147
59	tensor([5])	5	0.589	1	0:00:00.100612
60	tensor([7])	7	0.457	1	0:00:00.100742
61	tensor([8])	8	0.616	1	0:00:00.100050
62	tensor([9])	9	0.35	1	0:00:00.099050
63	tensor([3])	3	0.472	1	0:00:00.100798
64	tensor([7])	7	0.616	1	0:00:00.099851
65	tensor([4])	8	0.00483	0	0:00:00.101556
66	tensor([6])	6	0.571	1	0:00:00.099668
67	tensor([4])	4	0.319	1	0:00:00.100756
68	tensor([3])	3	0.423	1	0:00:00.100895
69	tensor([0])	0	0.616	1	0:00:00.100353
70	tensor([7])	7	0.26	1	0:00:00.101433
71	tensor([0])	0	0.616	1	0:00:00.100774
72	tensor([2])	2	0.482	1	0:00:00.101356
73	tensor([9])	8	0.246	0	0:00:00.101969
74	tensor([1])	0	0.616	0	0:00:00.099688
75	tensor([7])	7	0.215	1	0:00:00.101449
76	tensor([3])	3	0.616	1	0:00:00.100122
77	tensor([2])	2	0.482	1	0:00:00.129956
78	tensor([9])	9	0.107	1	0:00:00.150404
79	tensor([7])	7	0.501	1	0:00:00.138759
80	tensor([7])	7	0.358	1	0:00:00.142288
81	tensor([6])	6	0.616	1	0:00:00.148481
82	tensor([2])	2	0.616	1	0:00:00.135447
83	tensor([7])	7	0.616	1	0:00:00.145210
84	tensor([8])	8	0.429	1	0:00:00.102365
85	tensor([4])	-1	0.0	0	0:00:00.100334
86	tensor([7])	7	0.616	1	0:00:00.099002
87	tensor([3])	3	0.488	1	0:00:00.100155
88	tensor([6])	6	0.616	1	0:00:00.102128
89	tensor([1])	1	0.616	1	0:00:00.101746
90	tensor([3])	8	0.329	0	0:00:00.099413
91	tensor([6])	6	0.467	1	0:00:00.102032
92	tensor([9])	9	0.31	1	0:00:00.101247
93	tensor([3])	3	0.616	1	0:00:00.101099
94	tensor([1])	8	0.323	0	0:00:00.103185
95	tensor([4])	4	0.128	1	0:00:00.100731
96	tensor([1])	1	0.369	1	0:00:00.100175
97	tensor([7])	8	0.472	0	0:00:00.100612
98	tensor([6])	6	0.616	1	0:00:00.101729
99	tensor([9])	8	0.172	0	0:00:00.103429
100	tensor([6])	6	0.557	1	0:00:00.101053
101	tensor([0])	0	0.557	1	0:00:00.100142
102	tensor([5])	5	0.616	1	0:00:00.105006
103	tensor([4])	4	0.616	1	0:00:00.101094
104	tensor([9])	9	0.185	1	0:00:00.105632
105	tensor([9])	9	0.0528	1	0:00:00.102324
106	tensor([2])	2	0.616	1	0:00:00.100499
107	tensor([1])	8	0.375	0	0:00:00.101006
108	tensor([9])	9	0.616	1	0:00:00.101567
109	tensor([4])	4	0.616	1	0:00:00.101992
110	tensor([8])	8	0.616	1	0:00:00.102544
111	tensor([7])	7	0.616	1	0:00:00.100260
112	tensor([3])	3	0.616	1	0:00:00.100392
113	tensor([9])	9	0.616	1	0:00:00.101348
114	tensor([7])	7	0.284	1	0:00:00.101553
115	tensor([4])	8	0.186	0	0:00:00.102189
116	tensor([4])	4	0.616	1	0:00:00.100597
117	tensor([4])	4	0.616	1	0:00:00.101801
118	tensor([9])	9	0.524	1	0:00:00.101138
119	tensor([2])	8	0.445	0	0:00:00.101347
120	tensor([5])	8	0.268	0	0:00:00.102618
121	tensor([4])	4	0.616	1	0:00:00.100207
122	tensor([7])	7	0.299	1	0:00:00.100812
123	tensor([6])	6	0.256	1	0:00:00.141001
124	tensor([7])	7	0.211	1	0:00:00.153976
125	tensor([9])	-1	0.0	0	0:00:00.134619
126	tensor([0])	0	0.313	1	0:00:00.154428
127	tensor([5])	5	0.301	1	0:00:00.138522
128	tensor([8])	8	0.616	1	0:00:00.136004
129	tensor([5])	5	0.00861	1	0:00:00.154593
130	tensor([6])	8	0.38	0	0:00:00.150179
131	tensor([6])	6	0.423	1	0:00:00.135711
132	tensor([5])	5	0.616	1	0:00:00.140634
133	tensor([7])	7	0.616	1	0:00:00.138128
134	tensor([8])	8	0.616	1	0:00:00.138622
135	tensor([1])	1	0.616	1	0:00:00.136725
136	tensor([0])	8	0.279	0	0:00:00.123561
137	tensor([1])	8	0.239	0	0:00:00.101144
138	tensor([6])	6	0.616	1	0:00:00.101813
139	tensor([4])	4	0.236	1	0:00:00.099498
140	tensor([6])	6	0.616	1	0:00:00.101028
141	tensor([7])	7	0.616	1	0:00:00.102613
142	tensor([3])	3	0.101	1	0:00:00.102665
143	tensor([1])	0	0.0593	0	0:00:00.100575
144	tensor([7])	-1	0.0	0	0:00:00.100339
145	tensor([1])	8	0.338	0	0:00:00.100659
146	tensor([8])	8	0.524	1	0:00:00.100296
147	tensor([2])	2	0.373	1	0:00:00.100704
148	tensor([0])	0	0.35	1	0:00:00.100827
149	tensor([2])	8	0.413	0	0:00:00.101427
150	tensor([9])	9	0.616	1	0:00:00.101702
151	tensor([9])	8	0.346	0	0:00:00.100312
152	tensor([5])	5	0.156	1	0:00:00.104229
153	tensor([5])	5	0.616	1	0:00:00.100071
154	tensor([1])	1	0.616	1	0:00:00.101189
155	tensor([5])	5	0.126	1	0:00:00.101864
156	tensor([6])	6	0.616	1	0:00:00.100576
157	tensor([0])	0	0.398	1	0:00:00.103381
158	tensor([3])	8	0.396	0	0:00:00.100995
159	tensor([4])	8	0.508	0	0:00:00.100421
160	tensor([4])	4	0.472	1	0:00:00.101045
161	tensor([6])	6	0.616	1	0:00:00.101895
162	tensor([5])	5	0.616	1	0:00:00.101514
163	tensor([4])	4	0.616	1	0:00:00.100581
164	tensor([6])	6	0.106	1	0:00:00.101527
165	tensor([5])	5	0.571	1	0:00:00.102359
166	tensor([4])	4	0.333	1	0:00:00.137382
167	tensor([5])	-1	0.0	0	0:00:00.143135
168	tensor([1])	1	0.119	1	0:00:00.141113
169	tensor([4])	4	0.544	1	0:00:00.141565
170	tensor([4])	4	0.589	1	0:00:00.140098
171	tensor([7])	7	0.0042	1	0:00:00.152199
172	tensor([2])	2	0.616	1	0:00:00.138657
173	tensor([3])	3	0.616	1	0:00:00.150403
174	tensor([2])	2	0.589	1	0:00:00.137963
175	tensor([7])	7	0.298	1	0:00:00.144337
176	tensor([1])	1	0.616	1	0:00:00.133062
177	tensor([8])	8	0.589	1	0:00:00.134580
178	tensor([1])	-1	0.0	0	0:00:00.133448
179	tensor([8])	8	0.14	1	0:00:00.127131
180	tensor([1])	1	0.616	1	0:00:00.102251
181	tensor([8])	8	0.589	1	0:00:00.103636
182	tensor([5])	5	0.616	1	0:00:00.100461
183	tensor([0])	0	0.616	1	0:00:00.101783
184	tensor([8])	8	0.0515	1	0:00:00.101977
185	tensor([9])	9	0.0321	1	0:00:00.102223
186	tensor([2])	2	0.616	1	0:00:00.101061
187	tensor([5])	5	0.616	1	0:00:00.100152
188	tensor([0])	0	0.616	1	0:00:00.101090
189	tensor([1])	-1	0.0	0	0:00:00.102050
190	tensor([1])	1	0.326	1	0:00:00.101738
191	tensor([1])	1	0.616	1	0:00:00.101438
192	tensor([0])	0	0.419	1	0:00:00.099500
193	tensor([9])	9	0.356	1	0:00:00.100574
194	tensor([0])	0	0.616	1	0:00:00.102030
195	tensor([3])	-1	0.0	0	0:00:00.102613
196	tensor([1])	8	0.0554	0	0:00:00.101007
197	tensor([6])	6	0.616	1	0:00:00.100523
198	tensor([4])	4	0.0883	1	0:00:00.101214
199	tensor([2])	2	0.616	1	0:00:00.101543
200	tensor([3])	-1	0.0	0	0:00:00.102377
201	tensor([6])	6	0.326	1	0:00:00.099727
202	tensor([1])	-1	0.0	0	0:00:00.103126
203	tensor([1])	1	0.616	1	0:00:00.100603
204	tensor([1])	-1	0.0	0	0:00:00.099992
205	tensor([3])	3	0.589	1	0:00:00.104431
206	tensor([9])	9	0.616	1	0:00:00.099047
207	tensor([5])	5	0.616	1	0:00:00.099711
208	tensor([2])	2	0.616	1	0:00:00.099145
209	tensor([9])	9	0.589	1	0:00:00.140375
210	tensor([4])	8	0.524	0	0:00:00.159057
211	tensor([5])	5	0.544	1	0:00:00.138762
212	tensor([9])	9	0.589	1	0:00:00.154258
213	tensor([3])	3	0.616	1	0:00:00.138017
214	tensor([9])	8	0.292	0	0:00:00.136321
215	tensor([0])	-1	0.0	0	0:00:00.137503
216	tensor([3])	3	0.616	1	0:00:00.155485
217	tensor([6])	6	0.0042	1	0:00:00.141121
218	tensor([5])	5	0.616	1	0:00:00.157077
219	tensor([5])	5	0.616	1	0:00:00.150541
220	tensor([7])	-1	0.0	0	0:00:00.140981
221	tensor([2])	3	0.239	0	0:00:00.137995
222	tensor([2])	8	0.00231	0	0:00:00.124002
223	tensor([7])	7	0.616	1	0:00:00.101708
224	tensor([1])	8	0.453	0	0:00:00.101434
225	tensor([2])	2	0.616	1	0:00:00.101321
226	tensor([8])	8	0.616	1	0:00:00.099634
227	tensor([4])	-1	0.0	0	0:00:00.099295
228	tensor([1])	8	0.242	0	0:00:00.101071
229	tensor([7])	7	0.616	1	0:00:00.099376
230	tensor([3])	8	0.373	0	0:00:00.100145
231	tensor([3])	8	0.0238	0	0:00:00.101121
232	tensor([8])	8	0.462	1	0:00:00.099363
233	tensor([8])	8	0.393	1	0:00:00.100308
234	tensor([7])	7	0.462	1	0:00:00.100090
235	tensor([9])	9	0.616	1	0:00:00.099894
236	tensor([2])	2	0.253	1	0:00:00.099990
237	tensor([2])	2	0.616	1	0:00:00.099738
238	tensor([4])	4	0.348	1	0:00:00.100709
239	tensor([1])	-1	0.0	0	0:00:00.100197
240	tensor([5])	5	0.589	1	0:00:00.101351
241	tensor([9])	3	0.00231	0	0:00:00.103095
242	tensor([8])	8	0.616	1	0:00:00.101665
243	tensor([7])	8	0.501	0	0:00:00.102543
244	tensor([2])	2	0.589	1	0:00:00.101151
245	tensor([3])	8	0.149	0	0:00:00.101386
246	tensor([0])	0	0.616	1	0:00:00.100861
247	tensor([4])	4	0.00735	1	0:00:00.103441
248	tensor([4])	4	0.616	1	0:00:00.100677
249	tensor([2])	2	0.616	1	0:00:00.100703
250	tensor([4])	8	0.319	0	0:00:00.100147
251	tensor([1])	-1	0.0	0	0:00:00.104403
252	tensor([9])	9	0.616	1	0:00:00.140672
253	tensor([5])	5	0.616	1	0:00:00.145161
254	tensor([7])	7	0.589	1	0:00:00.152237
255	tensor([7])	7	0.616	1	0:00:00.134378
256	tensor([2])	8	0.245	0	0:00:00.165675
257	tensor([8])	-1	0.0	0	0:00:00.138542
258	tensor([2])	2	0.482	1	0:00:00.145415
259	tensor([6])	5	0.171	0	0:00:00.141090
260	tensor([8])	8	0.571	1	0:00:00.146029
261	tensor([5])	5	0.495	1	0:00:00.141247
262	tensor([7])	7	0.616	1	0:00:00.141016
263	tensor([7])	7	0.616	1	0:00:00.151735
264	tensor([9])	8	0.616	0	0:00:00.140578
265	tensor([1])	1	0.272	1	0:00:00.111063
266	tensor([8])	8	0.388	1	0:00:00.101789
267	tensor([1])	0	0.616	0	0:00:00.101953
268	tensor([8])	8	0.557	1	0:00:00.099657
269	tensor([0])	8	0.0476	0	0:00:00.098704
270	tensor([3])	3	0.616	1	0:00:00.099922
271	tensor([0])	0	0.616	1	0:00:00.100068
272	tensor([1])	1	0.472	1	0:00:00.099169
273	tensor([9])	9	0.472	1	0:00:00.101296
274	tensor([9])	9	0.589	1	0:00:00.098360
275	tensor([4])	4	0.589	1	0:00:00.099729
276	tensor([1])	0	0.508	0	0:00:00.102615
277	tensor([8])	8	0.616	1	0:00:00.098748
278	tensor([2])	2	0.407	1	0:00:00.101365
279	tensor([1])	8	0.207	0	0:00:00.099541
280	tensor([2])	2	0.616	1	0:00:00.098892
281	tensor([9])	9	0.616	1	0:00:00.100501
282	tensor([7])	8	0.0973	0	0:00:00.099860
283	tensor([5])	8	0.254	0	0:00:00.100053
284	tensor([9])	9	0.557	1	0:00:00.100820
285	tensor([2])	2	0.616	1	0:00:00.100420
286	tensor([6])	8	0.124	0	0:00:00.098628
287	tensor([4])	3	0.0437	0	0:00:00.100091
288	tensor([1])	8	0.544	0	0:00:00.099604
289	tensor([5])	5	0.616	1	0:00:00.101411
290	tensor([8])	8	0.307	1	0:00:00.100142
291	tensor([2])	2	0.616	1	0:00:00.099436
292	tensor([9])	8	0.0124	0	0:00:00.098447
293	tensor([2])	2	0.616	1	0:00:00.100571
294	tensor([0])	0	0.589	1	0:00:00.109534
295	tensor([4])	4	0.482	1	0:00:00.141848
296	tensor([0])	0	0.616	1	0:00:00.140469
297	tensor([0])	0	0.616	1	0:00:00.152024
298	tensor([2])	2	0.315	1	0:00:00.155748
299	tensor([8])	8	0.571	1	0:00:00.137110
300	tensor([4])	4	0.616	1	0:00:00.139519
301	tensor([7])	7	0.161	1	0:00:00.155753
302	tensor([1])	-1	0.0	0	0:00:00.150060
303	tensor([2])	2	0.589	1	0:00:00.144483
304	tensor([4])	4	0.616	1	0:00:00.142035
305	tensor([0])	0	0.589	1	0:00:00.154850
306	tensor([2])	8	0.371	0	0:00:00.137824
307	tensor([7])	7	0.0257	1	0:00:00.141763
308	tensor([4])	8	0.616	0	0:00:00.108253
309	tensor([3])	3	0.24	1	0:00:00.103557
310	tensor([3])	3	0.616	1	0:00:00.100928
311	tensor([0])	0	0.616	1	0:00:00.101147
312	tensor([0])	0	0.589	1	0:00:00.100549
313	tensor([3])	8	0.00798	0	0:00:00.100993
314	tensor([1])	0	0.199	0	0:00:00.101378
315	tensor([9])	9	0.616	1	0:00:00.102198
316	tensor([6])	8	0.0828	0	0:00:00.101718
317	tensor([5])	5	0.616	1	0:00:00.101057
318	tensor([2])	3	0.105	0	0:00:00.102512
319	tensor([5])	5	0.616	1	0:00:00.100206
320	tensor([9])	8	0.589	0	0:00:00.102411
321	tensor([2])	8	0.616	0	0:00:00.100833
322	tensor([9])	-1	0.0	0	0:00:00.101665
323	tensor([3])	3	0.616	1	0:00:00.100316
324	tensor([0])	8	0.0289	0	0:00:00.101196
325	tensor([4])	4	0.589	1	0:00:00.102444
326	tensor([2])	2	0.342	1	0:00:00.101001
327	tensor([0])	0	0.589	1	0:00:00.101904
328	tensor([7])	7	0.616	1	0:00:00.102251
329	tensor([1])	1	0.136	1	0:00:00.102479
330	tensor([1])	8	0.449	0	0:00:00.101126
331	tensor([2])	2	0.616	1	0:00:00.101825
332	tensor([1])	0	0.254	0	0:00:00.101065
333	tensor([5])	8	0.501	0	0:00:00.102368
334	tensor([3])	3	0.616	1	0:00:00.100316
335	tensor([3])	3	0.423	1	0:00:00.099947
336	tensor([9])	-1	0.0	0	0:00:00.102366
337	tensor([7])	7	0.616	1	0:00:00.120509
338	tensor([8])	8	0.534	1	0:00:00.150325
339	tensor([6])	6	0.616	1	0:00:00.134567
340	tensor([5])	-1	0.0	0	0:00:00.144169
341	tensor([6])	6	0.0225	1	0:00:00.145278
342	tensor([1])	1	0.0175	1	0:00:00.135974
343	tensor([3])	3	0.188	1	0:00:00.138528
344	tensor([8])	8	0.571	1	0:00:00.140460
345	tensor([1])	1	0.472	1	0:00:00.146860
346	tensor([0])	0	0.534	1	0:00:00.131805
347	tensor([5])	5	0.589	1	0:00:00.146715
348	tensor([1])	1	0.616	1	0:00:00.137736
349	tensor([3])	3	0.557	1	0:00:00.135483
350	tensor([1])	8	0.304	0	0:00:00.138745
351	tensor([5])	5	0.616	1	0:00:00.110908
352	tensor([5])	5	0.324	1	0:00:00.103249
353	tensor([6])	6	0.616	1	0:00:00.100590
354	tensor([1])	8	0.41	0	0:00:00.100963
355	tensor([8])	8	0.616	1	0:00:00.100326
356	tensor([5])	5	0.557	1	0:00:00.100896
357	tensor([1])	-1	0.0	0	0:00:00.103055
358	tensor([7])	7	0.2	1	0:00:00.100830
359	tensor([9])	9	0.188	1	0:00:00.101465
360	tensor([4])	-1	0.0	0	0:00:00.101346
361	tensor([6])	6	0.453	1	0:00:00.100025
362	tensor([2])	2	0.557	1	0:00:00.102962
363	tensor([2])	2	0.616	1	0:00:00.100594
364	tensor([5])	5	0.616	1	0:00:00.099784
365	tensor([0])	0	0.589	1	0:00:00.098652
366	tensor([6])	6	0.294	1	0:00:00.101363
367	tensor([5])	5	0.125	1	0:00:00.100356
368	tensor([6])	8	0.238	0	0:00:00.101406
369	tensor([3])	3	0.462	1	0:00:00.100223
370	tensor([7])	7	0.488	1	0:00:00.098693
371	tensor([2])	2	0.616	1	0:00:00.099240
372	tensor([0])	0	0.0869	1	0:00:00.099341
373	tensor([8])	8	0.501	1	0:00:00.101402
374	tensor([8])	8	0.616	1	0:00:00.099399
375	tensor([5])	5	0.616	1	0:00:00.100265
376	tensor([4])	9	0.0404	0	0:00:00.101669
377	tensor([1])	1	0.616	1	0:00:00.100676
378	tensor([1])	0	0.616	0	0:00:00.098639
379	tensor([4])	-1	0.0	0	0:00:00.100993
380	tensor([0])	8	0.323	0	0:00:00.112822
381	tensor([3])	3	0.413	1	0:00:00.143865
382	tensor([3])	3	0.616	1	0:00:00.164060
383	tensor([7])	7	0.508	1	0:00:00.153600
384	tensor([6])	6	0.616	1	0:00:00.160705
385	tensor([1])	-1	0.0	0	0:00:00.136720
386	tensor([6])	6	0.616	1	0:00:00.153315
387	tensor([2])	2	0.616	1	0:00:00.140439
388	tensor([1])	0	0.174	0	0:00:00.142197
389	tensor([9])	9	0.616	1	0:00:00.137391
390	tensor([2])	8	0.285	0	0:00:00.146851
391	tensor([8])	8	0.557	1	0:00:00.135521
392	tensor([6])	6	0.616	1	0:00:00.133527
393	tensor([1])	4	0.231	0	0:00:00.134399
394	tensor([9])	9	0.589	1	0:00:00.109226
395	tensor([5])	5	0.616	1	0:00:00.103086
396	tensor([2])	2	0.616	1	0:00:00.100669
397	tensor([5])	8	0.142	0	0:00:00.101059
398	tensor([4])	4	0.571	1	0:00:00.101913
399	tensor([4])	4	0.616	1	0:00:00.100811
400	tensor([2])	9	0.00294	0	0:00:00.098914
401	tensor([8])	8	0.616	1	0:00:00.099777
402	tensor([3])	3	0.152	1	0:00:00.103728
403	tensor([8])	9	0.155	0	0:00:00.099364
404	tensor([2])	2	0.348	1	0:00:00.100145
405	tensor([4])	4	0.557	1	0:00:00.101405
406	tensor([5])	8	0.212	0	0:00:00.100609
407	tensor([0])	8	0.407	0	0:00:00.099645
408	tensor([3])	-1	0.0	0	0:00:00.100560
409	tensor([1])	8	0.557	0	0:00:00.100601
410	tensor([7])	7	0.616	1	0:00:00.101318
411	tensor([7])	7	0.616	1	0:00:00.098897
412	tensor([5])	5	0.121	1	0:00:00.099173
413	tensor([7])	8	0.407	0	0:00:00.100467
414	tensor([9])	9	0.203	1	0:00:00.100666
415	tensor([7])	7	0.616	1	0:00:00.101282
416	tensor([1])	1	0.0283	1	0:00:00.099731
417	tensor([9])	9	0.616	1	0:00:00.099520
418	tensor([2])	8	0.616	0	0:00:00.099168
419	tensor([1])	1	0.616	1	0:00:00.100979
420	tensor([4])	4	0.144	1	0:00:00.100493
421	tensor([2])	2	0.197	1	0:00:00.101424
422	tensor([9])	8	0.284	0	0:00:00.099016
423	tensor([2])	2	0.616	1	0:00:00.113639
424	tensor([0])	0	0.467	1	0:00:00.151299
425	tensor([4])	4	0.616	1	0:00:00.137354
426	tensor([9])	9	0.508	1	0:00:00.142560
427	tensor([1])	1	0.544	1	0:00:00.141836
428	tensor([4])	4	0.258	1	0:00:00.136945
429	tensor([8])	8	0.616	1	0:00:00.135350
430	tensor([1])	0	0.616	0	0:00:00.139814
431	tensor([8])	8	0.616	1	0:00:00.140206
432	tensor([4])	4	0.111	1	0:00:00.136058
433	tensor([5])	5	0.495	1	0:00:00.148708
434	tensor([9])	9	0.589	1	0:00:00.160002
435	tensor([8])	8	0.289	1	0:00:00.141867
436	tensor([8])	8	0.589	1	0:00:00.137545
437	tensor([3])	3	0.28	1	0:00:00.110874
438	tensor([7])	-1	0.0	0	0:00:00.101824
439	tensor([6])	6	0.616	1	0:00:00.100463
440	tensor([0])	0	0.616	1	0:00:00.100789
441	tensor([0])	0	0.616	1	0:00:00.101690
442	tensor([3])	3	0.557	1	0:00:00.100446
443	tensor([0])	0	0.273	1	0:00:00.101453
444	tensor([2])	8	0.068	0	0:00:00.099403
445	tensor([6])	5	0.337	0	0:00:00.099900
446	tensor([6])	0	0.616	0	0:00:00.099065
447	tensor([4])	4	0.0502	1	0:00:00.101068
448	tensor([9])	-1	0.0	0	0:00:00.101552
449	tensor([3])	-1	0.0	0	0:00:00.100179
450	tensor([3])	3	0.589	1	0:00:00.098884
451	tensor([3])	3	0.616	1	0:00:00.099730
452	tensor([2])	2	0.616	1	0:00:00.100333
453	tensor([3])	3	0.616	1	0:00:00.100598
454	tensor([9])	9	0.616	1	0:00:00.099852
455	tensor([1])	1	0.534	1	0:00:00.100153
456	tensor([2])	2	0.407	1	0:00:00.098562
457	tensor([6])	6	0.477	1	0:00:00.100194
458	tensor([8])	8	0.275	1	0:00:00.101643
459	tensor([0])	0	0.557	1	0:00:00.098295
460	tensor([5])	5	0.571	1	0:00:00.099640
461	tensor([6])	6	0.0726	1	0:00:00.099640
462	tensor([6])	5	0.0841	0	0:00:00.099490
463	tensor([6])	6	0.616	1	0:00:00.101485
464	tensor([3])	8	0.0987	0	0:00:00.100004
465	tensor([8])	8	0.488	1	0:00:00.098529
466	tensor([8])	8	0.557	1	0:00:00.117669
467	tensor([2])	8	0.404	0	0:00:00.136507
468	tensor([7])	8	0.348	0	0:00:00.147399
469	tensor([5])	5	0.233	1	0:00:00.144749
470	tensor([8])	8	0.616	1	0:00:00.133772
471	tensor([9])	9	0.616	1	0:00:00.151019
472	tensor([6])	-1	0.0	0	0:00:00.152003
473	tensor([1])	1	0.616	1	0:00:00.136364
474	tensor([8])	8	0.616	1	0:00:00.138182
475	tensor([4])	4	0.616	1	0:00:00.151031
476	tensor([1])	1	0.557	1	0:00:00.131447
477	tensor([2])	2	0.482	1	0:00:00.138555
478	tensor([5])	5	0.449	1	0:00:00.136550
479	tensor([9])	8	0.0607	0	0:00:00.172265
480	tensor([1])	1	0.544	1	0:00:00.113194
481	tensor([9])	9	0.616	1	0:00:00.102997
482	tensor([7])	7	0.616	1	0:00:00.102541
483	tensor([5])	5	0.467	1	0:00:00.100722
484	tensor([4])	8	0.516	0	0:00:00.102183
485	tensor([0])	0	0.616	1	0:00:00.099393
486	tensor([8])	8	0.0821	1	0:00:00.099676
487	tensor([9])	9	0.616	1	0:00:00.100032
488	tensor([9])	9	0.616	1	0:00:00.100562
489	tensor([1])	1	0.616	1	0:00:00.100732
490	tensor([0])	-1	0.0	0	0:00:00.100015
491	tensor([5])	8	0.501	0	0:00:00.100448
492	tensor([2])	8	0.288	0	0:00:00.099527
493	tensor([3])	3	0.508	1	0:00:00.100590
494	tensor([7])	7	0.616	1	0:00:00.099425
495	tensor([8])	8	0.192	1	0:00:00.101758
496	tensor([9])	8	0.214	0	0:00:00.100905
497	tensor([4])	-1	0.0	0	0:00:00.100416
498	tensor([0])	-1	0.0	0	0:00:00.099682
499	tensor([6])	8	0.508	0	0:00:00.100052
500	tensor([3])	3	0.616	1	0:00:00.101338
501	tensor([9])	9	0.172	1	0:00:00.101948
502	tensor([5])	5	0.616	1	0:00:00.102795
503	tensor([2])	2	0.616	1	0:00:00.099521
504	tensor([1])	8	0.373	0	0:00:00.099808
505	tensor([3])	3	0.616	1	0:00:00.101597
506	tensor([1])	8	0.508	0	0:00:00.102880
507	tensor([3])	3	0.571	1	0:00:00.100869
508	tensor([6])	8	0.375	0	0:00:00.099640
509	tensor([5])	5	0.39	1	0:00:00.124204
510	tensor([7])	9	0.236	0	0:00:00.156262
511	tensor([4])	4	0.21	1	0:00:00.132997
512	tensor([2])	2	0.616	1	0:00:00.140393
513	tensor([2])	2	0.616	1	0:00:00.143116
514	tensor([6])	6	0.383	1	0:00:00.138548
515	tensor([3])	3	0.074	1	0:00:00.147260
516	tensor([2])	2	0.616	1	0:00:00.136136
517	tensor([6])	6	0.616	1	0:00:00.158281
518	tensor([5])	5	0.616	1	0:00:00.146446
519	tensor([4])	4	0.315	1	0:00:00.149929
520	tensor([8])	8	0.616	1	0:00:00.139366
521	tensor([9])	9	0.589	1	0:00:00.154093
522	tensor([7])	8	0.23	0	0:00:00.141252
523	tensor([1])	8	0.616	0	0:00:00.105394
524	tensor([3])	8	0.375	0	0:00:00.103355
525	tensor([0])	0	0.616	1	0:00:00.100609
526	tensor([3])	3	0.126	1	0:00:00.102371
527	tensor([8])	8	0.616	1	0:00:00.099768
528	tensor([3])	3	0.0181	1	0:00:00.100162
529	tensor([1])	8	0.616	0	0:00:00.102318
530	tensor([9])	9	0.429	1	0:00:00.098996
531	tensor([3])	3	0.616	1	0:00:00.101489
532	tensor([4])	4	0.182	1	0:00:00.101451
533	tensor([4])	8	0.0302	0	0:00:00.100498
534	tensor([6])	6	0.616	1	0:00:00.101915
535	tensor([4])	4	0.445	1	0:00:00.099132
536	tensor([2])	2	0.616	1	0:00:00.102377
537	tensor([1])	1	0.534	1	0:00:00.101109
538	tensor([8])	8	0.616	1	0:00:00.099029
539	tensor([2])	-1	0.0	0	0:00:00.100666
540	tensor([5])	5	0.616	1	0:00:00.101531
541	tensor([4])	4	0.557	1	0:00:00.100574
542	tensor([8])	8	0.0924	1	0:00:00.101593
543	tensor([8])	8	0.571	1	0:00:00.099476
544	tensor([4])	4	0.109	1	0:00:00.101248
545	tensor([0])	0	0.589	1	0:00:00.099525
546	tensor([0])	0	0.198	1	0:00:00.098991
547	tensor([2])	2	0.0327	1	0:00:00.102892
548	tensor([3])	8	0.616	0	0:00:00.100367
549	tensor([2])	2	0.616	1	0:00:00.100372
550	tensor([7])	8	0.508	0	0:00:00.099530
551	tensor([7])	8	0.207	0	0:00:00.101359
552	tensor([0])	8	0.534	0	0:00:00.121036
553	tensor([8])	8	0.616	1	0:00:00.145762
554	tensor([7])	8	0.172	0	0:00:00.156721
555	tensor([4])	4	0.319	1	0:00:00.136921
556	tensor([4])	4	0.352	1	0:00:00.150915
557	tensor([7])	7	0.616	1	0:00:00.136501
558	tensor([9])	9	0.616	1	0:00:00.134672
559	tensor([6])	6	0.589	1	0:00:00.138538
560	tensor([9])	9	0.616	1	0:00:00.137297
561	tensor([0])	0	0.31	1	0:00:00.152478
562	tensor([9])	9	0.589	1	0:00:00.137161
563	tensor([8])	8	0.616	1	0:00:00.137097
564	tensor([0])	0	0.346	1	0:00:00.151151
565	tensor([4])	-1	0.0	0	0:00:00.134794
566	tensor([6])	6	0.616	1	0:00:00.106001
567	tensor([0])	0	0.616	1	0:00:00.101229
568	tensor([6])	8	0.072	0	0:00:00.101980
569	tensor([3])	3	0.0232	1	0:00:00.099890
570	tensor([5])	5	0.508	1	0:00:00.102288
571	tensor([4])	9	0.127	0	0:00:00.100434
572	tensor([8])	8	0.237	1	0:00:00.099665
573	tensor([3])	3	0.616	1	0:00:00.100847
574	tensor([3])	3	0.234	1	0:00:00.099609
575	tensor([9])	9	0.589	1	0:00:00.100964
576	tensor([3])	3	0.333	1	0:00:00.099931
577	tensor([3])	3	0.616	1	0:00:00.100933
578	tensor([3])	-1	0.0	0	0:00:00.099950
579	tensor([7])	8	0.266	0	0:00:00.101273
580	tensor([8])	8	0.508	1	0:00:00.101273
581	tensor([0])	8	0.508	0	0:00:00.099893
582	tensor([8])	-1	0.0	0	0:00:00.099113
583	tensor([2])	2	0.275	1	0:00:00.100254
584	tensor([1])	8	0.253	0	0:00:00.101723
585	tensor([7])	7	0.616	1	0:00:00.100993
586	tensor([0])	0	0.616	1	0:00:00.099906
587	tensor([6])	6	0.616	1	0:00:00.102656
588	tensor([5])	5	0.616	1	0:00:00.099498
589	tensor([4])	4	0.524	1	0:00:00.101832
590	tensor([3])	3	0.616	1	0:00:00.100585
591	tensor([8])	8	0.544	1	0:00:00.098917
592	tensor([0])	0	0.352	1	0:00:00.100380
593	tensor([9])	9	0.122	1	0:00:00.101135
594	tensor([6])	6	0.212	1	0:00:00.100165
595	tensor([3])	3	0.616	1	0:00:00.113120
596	tensor([8])	8	0.358	1	0:00:00.131119
597	tensor([0])	-1	0.0	0	0:00:00.139229
598	tensor([9])	9	0.26	1	0:00:00.146456
599	tensor([9])	9	0.524	1	0:00:00.150276
600	tensor([6])	6	0.154	1	0:00:00.136252
601	tensor([8])	8	0.501	1	0:00:00.141464
602	tensor([6])	8	0.445	0	0:00:00.142581
603	tensor([8])	8	0.616	1	0:00:00.141530
604	tensor([5])	5	0.616	1	0:00:00.141652
605	tensor([7])	8	0.159	0	0:00:00.137609
606	tensor([8])	8	0.388	1	0:00:00.151755
607	tensor([6])	8	0.508	0	0:00:00.153802
608	tensor([0])	0	0.175	1	0:00:00.142086
609	tensor([2])	2	0.557	1	0:00:00.109367
610	tensor([4])	-1	0.0	0	0:00:00.103173
611	tensor([0])	0	0.338	1	0:00:00.101328
612	tensor([2])	2	0.616	1	0:00:00.100687
613	tensor([2])	8	0.301	0	0:00:00.100790
614	tensor([3])	3	0.557	1	0:00:00.100852
615	tensor([1])	1	0.211	1	0:00:00.100048
616	tensor([9])	9	0.616	1	0:00:00.101477
617	tensor([7])	7	0.616	1	0:00:00.099840
618	tensor([5])	5	0.616	1	0:00:00.099169
619	tensor([1])	8	0.281	0	0:00:00.100922
620	tensor([0])	0	0.616	1	0:00:00.101775
621	tensor([8])	8	0.616	1	0:00:00.101773
622	tensor([4])	4	0.589	1	0:00:00.100543
623	tensor([6])	6	0.165	1	0:00:00.099856
624	tensor([2])	-1	0.0	0	0:00:00.101042
625	tensor([6])	6	0.616	1	0:00:00.100451
626	tensor([7])	8	0.534	0	0:00:00.100745
627	tensor([9])	9	0.172	1	0:00:00.099634
628	tensor([3])	-1	0.0	0	0:00:00.100675
629	tensor([2])	3	0.246	0	0:00:00.101442
630	tensor([9])	9	0.616	1	0:00:00.099720
631	tensor([8])	8	0.616	1	0:00:00.099684
632	tensor([2])	2	0.571	1	0:00:00.102230
633	tensor([2])	2	0.616	1	0:00:00.099453
634	tensor([9])	9	0.488	1	0:00:00.100162
635	tensor([2])	2	0.616	1	0:00:00.100377
636	tensor([7])	7	0.616	1	0:00:00.100496
637	tensor([3])	3	0.378	1	0:00:00.101429
638	tensor([5])	5	0.557	1	0:00:00.109389
639	tensor([9])	9	0.616	1	0:00:00.141598
640	tensor([1])	1	0.129	1	0:00:00.139275
641	tensor([8])	8	0.616	1	0:00:00.139742
642	tensor([0])	0	0.39	1	0:00:00.139201
643	tensor([2])	2	0.616	1	0:00:00.144090
644	tensor([0])	0	0.488	1	0:00:00.148702
645	tensor([5])	5	0.383	1	0:00:00.145180
646	tensor([2])	8	0.388	0	0:00:00.138520
647	tensor([1])	-1	0.0	0	0:00:00.145686
648	tensor([3])	8	0.0443	0	0:00:00.139998
649	tensor([7])	7	0.616	1	0:00:00.139654
650	tensor([6])	6	0.215	1	0:00:00.139425
651	tensor([7])	7	0.616	1	0:00:00.143130
652	tensor([1])	1	0.616	1	0:00:00.114542
653	tensor([2])	2	0.616	1	0:00:00.103261
654	tensor([5])	5	0.616	1	0:00:00.099345
655	tensor([8])	8	0.467	1	0:00:00.099881
656	tensor([0])	0	0.616	1	0:00:00.099330
657	tensor([3])	3	0.616	1	0:00:00.100890
658	tensor([7])	8	0.398	0	0:00:00.101741
659	tensor([2])	8	0.236	0	0:00:00.100705
660	tensor([4])	4	0.616	1	0:00:00.099896
661	tensor([0])	0	0.534	1	0:00:00.099754
662	tensor([9])	9	0.616	1	0:00:00.099833
663	tensor([1])	1	0.616	1	0:00:00.099021
664	tensor([8])	8	0.616	1	0:00:00.100757
665	tensor([6])	-1	0.0	0	0:00:00.100591
666	tensor([7])	7	0.371	1	0:00:00.101096
667	tensor([7])	7	0.375	1	0:00:00.100257
668	tensor([4])	8	0.318	0	0:00:00.100586
669	tensor([3])	3	0.616	1	0:00:00.100632
670	tensor([4])	4	0.534	1	0:00:00.101217
671	tensor([9])	9	0.544	1	0:00:00.099641
672	tensor([1])	1	0.616	1	0:00:00.101330
673	tensor([9])	9	0.174	1	0:00:00.101240
674	tensor([5])	5	0.161	1	0:00:00.101514
675	tensor([1])	1	0.616	1	0:00:00.099391
676	tensor([7])	7	0.299	1	0:00:00.100387
677	tensor([3])	3	0.616	1	0:00:00.101708
678	tensor([9])	9	0.19	1	0:00:00.100436
679	tensor([7])	7	0.616	1	0:00:00.098620
680	tensor([6])	6	0.616	1	0:00:00.102362
681	tensor([9])	9	0.616	1	0:00:00.105241
682	tensor([1])	1	0.616	1	0:00:00.143669
683	tensor([3])	-1	0.0	0	0:00:00.144511
684	tensor([7])	2	0.0807	0	0:00:00.156367
685	tensor([8])	8	0.472	1	0:00:00.137218
686	tensor([3])	3	0.462	1	0:00:00.133535
687	tensor([3])	3	0.616	1	0:00:00.140109
688	tensor([6])	6	0.616	1	0:00:00.143606
689	tensor([7])	8	0.261	0	0:00:00.143986
690	tensor([2])	2	0.616	1	0:00:00.153457
691	tensor([8])	8	0.342	1	0:00:00.149717
692	tensor([5])	5	0.453	1	0:00:00.140983
693	tensor([8])	8	0.616	1	0:00:00.166310
694	tensor([5])	-1	0.0	0	0:00:00.138690
695	tensor([1])	1	0.333	1	0:00:00.115123
696	tensor([1])	8	0.224	0	0:00:00.101101
697	tensor([4])	4	0.616	1	0:00:00.099033
698	tensor([4])	4	0.0574	1	0:00:00.100847
699	tensor([3])	3	0.616	1	0:00:00.101323
700	tensor([1])	1	0.589	1	0:00:00.102730
701	tensor([0])	-1	0.0	0	0:00:00.100139
702	tensor([7])	7	0.616	1	0:00:00.102010
703	tensor([7])	-1	0.0	0	0:00:00.099466
704	tensor([0])	0	0.616	1	0:00:00.100031
705	tensor([7])	7	0.616	1	0:00:00.102188
706	tensor([9])	8	0.151	0	0:00:00.101285
707	tensor([4])	4	0.062	1	0:00:00.099538
708	tensor([4])	4	0.196	1	0:00:00.100082
709	tensor([8])	8	0.616	1	0:00:00.100467
710	tensor([5])	5	0.616	1	0:00:00.100030
711	tensor([5])	5	0.616	1	0:00:00.101177
712	tensor([4])	9	0.0162	0	0:00:00.100282
713	tensor([0])	-1	0.0	0	0:00:00.099383
714	tensor([8])	8	0.616	1	0:00:00.100066
715	tensor([2])	2	0.062	1	0:00:00.101602
716	tensor([1])	7	0.348	0	0:00:00.102055
717	tensor([0])	8	0.283	0	0:00:00.100107
718	tensor([8])	8	0.616	1	0:00:00.099883
719	tensor([4])	4	0.571	1	0:00:00.100406
720	tensor([5])	8	0.0137	0	0:00:00.100819
721	tensor([0])	0	0.616	1	0:00:00.099469
722	tensor([4])	4	0.616	1	0:00:00.101769
723	tensor([0])	8	0.315	0	0:00:00.100743
724	tensor([6])	6	0.571	1	0:00:00.110836
725	tensor([1])	7	0.27	0	0:00:00.153134
726	tensor([7])	8	0.301	0	0:00:00.147174
727	tensor([3])	3	0.571	1	0:00:00.148054
728	tensor([2])	2	0.616	1	0:00:00.139620
729	tensor([6])	6	0.315	1	0:00:00.139929
730	tensor([7])	7	0.616	1	0:00:00.142978
731	tensor([2])	2	0.616	1	0:00:00.143824
732	tensor([6])	6	0.544	1	0:00:00.148592
733	tensor([9])	9	0.616	1	0:00:00.153048
734	tensor([3])	3	0.38	1	0:00:00.133979
735	tensor([1])	1	0.589	1	0:00:00.138277
736	tensor([4])	4	0.616	1	0:00:00.135866
737	tensor([6])	6	0.472	1	0:00:00.138320
738	tensor([2])	8	0.131	0	0:00:00.115215
739	tensor([5])	5	0.616	1	0:00:00.101469
740	tensor([4])	9	0.616	0	0:00:00.100979
741	tensor([2])	2	0.616	1	0:00:00.100285
742	tensor([0])	0	0.616	1	0:00:00.101241
743	tensor([6])	8	0.0862	0	0:00:00.101342
744	tensor([2])	2	0.616	1	0:00:00.100206
745	tensor([1])	1	0.0187	1	0:00:00.099546
746	tensor([7])	8	0.0417	0	0:00:00.099465
747	tensor([3])	8	0.616	0	0:00:00.100359
748	tensor([4])	4	0.167	1	0:00:00.102815
749	tensor([1])	1	0.101	1	0:00:00.100724
750	tensor([0])	0	0.616	1	0:00:00.099803
751	tensor([5])	5	0.616	1	0:00:00.100279
752	tensor([4])	4	0.298	1	0:00:00.099764
753	tensor([3])	3	0.534	1	0:00:00.101667
754	tensor([1])	1	0.616	1	0:00:00.099276
755	tensor([1])	1	0.472	1	0:00:00.100879
756	tensor([7])	7	0.616	1	0:00:00.100170
757	tensor([4])	4	0.616	1	0:00:00.099665
758	tensor([9])	-1	0.0	0	0:00:00.101856
759	tensor([9])	9	0.616	1	0:00:00.101400
760	tensor([4])	4	0.429	1	0:00:00.100709
761	tensor([8])	8	0.616	1	0:00:00.099750
762	tensor([4])	4	0.616	1	0:00:00.099753
763	tensor([0])	0	0.305	1	0:00:00.101230
764	tensor([2])	2	0.616	1	0:00:00.101788
765	tensor([4])	4	0.616	1	0:00:00.100406
766	tensor([5])	5	0.401	1	0:00:00.099227
767	tensor([1])	-1	0.0	0	0:00:00.115939
768	tensor([1])	8	0.477	0	0:00:00.139260
769	tensor([6])	6	0.413	1	0:00:00.143536
770	tensor([4])	4	0.441	1	0:00:00.143339
771	tensor([7])	7	0.571	1	0:00:00.144451
772	tensor([1])	8	0.508	0	0:00:00.140100
773	tensor([9])	9	0.616	1	0:00:00.136940
774	tensor([4])	4	0.21	1	0:00:00.129978
775	tensor([2])	2	0.34	1	0:00:00.140788
776	tensor([4])	4	0.616	1	0:00:00.141383
777	tensor([1])	8	0.000424	0	0:00:00.151995
778	tensor([5])	5	0.445	1	0:00:00.143889
779	tensor([5])	8	0.616	0	0:00:00.144828
780	tensor([3])	3	0.616	1	0:00:00.137681
781	tensor([8])	8	0.398	1	0:00:00.114812
782	tensor([3])	3	0.153	1	0:00:00.102374
783	tensor([1])	1	0.262	1	0:00:00.100940
784	tensor([4])	4	0.159	1	0:00:00.099264
785	tensor([5])	5	0.174	1	0:00:00.102296
786	tensor([6])	-1	0.0	0	0:00:00.101256
787	tensor([8])	8	0.616	1	0:00:00.100118
788	tensor([9])	9	0.616	1	0:00:00.099299
789	tensor([4])	4	0.616	1	0:00:00.100261
790	tensor([1])	8	0.211	0	0:00:00.101976
791	tensor([5])	5	0.482	1	0:00:00.100831
792	tensor([3])	8	0.266	0	0:00:00.101563
793	tensor([8])	8	0.616	1	0:00:00.099954
794	tensor([0])	0	0.616	1	0:00:00.099924
795	tensor([3])	8	0.407	0	0:00:00.100436
796	tensor([2])	2	0.616	1	0:00:00.100883
797	tensor([5])	8	0.557	0	0:00:00.100173
798	tensor([1])	1	0.616	1	0:00:00.100812
799	tensor([2])	2	0.616	1	0:00:00.100151
800	tensor([8])	8	0.508	1	0:00:00.099574
801	tensor([3])	3	0.369	1	0:00:00.102908
802	tensor([4])	4	0.589	1	0:00:00.101685
803	tensor([4])	8	0.557	0	0:00:00.100099
804	tensor([0])	0	0.0883	1	0:00:00.098863
805	tensor([8])	8	0.616	1	0:00:00.100357
806	tensor([8])	8	0.453	1	0:00:00.104832
807	tensor([3])	3	0.329	1	0:00:00.100498
808	tensor([3])	3	0.616	1	0:00:00.100471
809	tensor([1])	-1	0.0	0	0:00:00.099495
810	tensor([7])	2	0.385	0	0:00:00.106489
811	tensor([3])	3	0.616	1	0:00:00.143211
812	tensor([5])	5	0.616	1	0:00:00.141985
813	tensor([9])	9	0.616	1	0:00:00.134957
814	tensor([6])	6	0.616	1	0:00:00.166735
815	tensor([3])	3	0.616	1	0:00:00.143051
816	tensor([2])	2	0.616	1	0:00:00.137151
817	tensor([6])	6	0.115	1	0:00:00.139159
818	tensor([1])	6	0.342	0	0:00:00.140372
819	tensor([3])	3	0.616	1	0:00:00.137584
820	tensor([6])	6	0.616	1	0:00:00.144127
821	tensor([0])	0	0.616	1	0:00:00.144069
822	tensor([7])	7	0.616	1	0:00:00.143571
823	tensor([2])	-1	0.0	0	0:00:00.134488
824	tensor([1])	1	0.616	1	0:00:00.118154
825	tensor([7])	7	0.616	1	0:00:00.103038
826	tensor([1])	1	0.589	1	0:00:00.099726
827	tensor([4])	8	0.371	0	0:00:00.101786
828	tensor([2])	2	0.616	1	0:00:00.099998
829	tensor([4])	9	0.197	0	0:00:00.099658
830	tensor([2])	2	0.616	1	0:00:00.100456
831	tensor([1])	1	0.495	1	0:00:00.100769
832	tensor([7])	7	0.589	1	0:00:00.102093
833	tensor([9])	8	0.218	0	0:00:00.100506
834	tensor([6])	0	0.124	0	0:00:00.100248
835	tensor([1])	1	0.276	1	0:00:00.100645
836	tensor([1])	1	0.616	1	0:00:00.100509
837	tensor([2])	8	0.315	0	0:00:00.099397
838	tensor([4])	4	0.616	1	0:00:00.101834
839	tensor([8])	3	0.299	0	0:00:00.101068
840	tensor([1])	8	0.616	0	0:00:00.100979
841	tensor([7])	-1	0.0	0	0:00:00.100065
842	tensor([7])	7	0.616	1	0:00:00.099880
843	tensor([4])	4	0.311	1	0:00:00.101744
844	tensor([8])	8	0.0959	1	0:00:00.101314
845	tensor([0])	0	0.616	1	0:00:00.101540
846	tensor([7])	7	0.324	1	0:00:00.099675
847	tensor([3])	3	0.616	1	0:00:00.099680
848	tensor([1])	1	0.616	1	0:00:00.102202
849	tensor([3])	8	0.36	0	0:00:00.101176
850	tensor([1])	1	0.616	1	0:00:00.100637
851	tensor([0])	0	0.616	1	0:00:00.100572
852	tensor([7])	7	0.616	1	0:00:00.099408
853	tensor([7])	7	0.616	1	0:00:00.102139
854	tensor([0])	0	0.616	1	0:00:00.149052
855	tensor([3])	3	0.616	1	0:00:00.139391
856	tensor([5])	5	0.616	1	0:00:00.140866
857	tensor([5])	5	0.616	1	0:00:00.146011
858	tensor([2])	2	0.501	1	0:00:00.150357
859	tensor([7])	8	0.271	0	0:00:00.142198
860	tensor([6])	6	0.616	1	0:00:00.146407
861	tensor([6])	6	0.616	1	0:00:00.145082
862	tensor([9])	9	0.0561	1	0:00:00.138229
863	tensor([2])	3	0.17	0	0:00:00.138485
864	tensor([8])	8	0.616	1	0:00:00.141291
865	tensor([3])	3	0.39	1	0:00:00.148041
866	tensor([5])	5	0.616	1	0:00:00.165642
867	tensor([2])	2	0.616	1	0:00:00.106482
868	tensor([2])	2	0.616	1	0:00:00.101929
869	tensor([5])	8	0.398	0	0:00:00.107013
870	tensor([6])	6	0.324	1	0:00:00.101948
871	tensor([0])	0	0.616	1	0:00:00.105892
872	tensor([8])	8	0.346	1	0:00:00.126047
873	tensor([2])	2	0.616	1	0:00:00.120661
874	tensor([9])	9	0.407	1	0:00:00.126407
875	tensor([2])	3	0.419	0	0:00:00.118538
876	tensor([8])	8	0.589	1	0:00:00.117779
877	tensor([8])	8	0.362	1	0:00:00.121621
878	tensor([8])	8	0.616	1	0:00:00.120015
879	tensor([8])	8	0.616	1	0:00:00.117379
880	tensor([7])	7	0.616	1	0:00:00.120829
881	tensor([4])	8	0.045	0	0:00:00.120499
882	tensor([9])	8	0.429	0	0:00:00.117939
883	tensor([3])	3	0.283	1	0:00:00.112697
884	tensor([0])	8	0.246	0	0:00:00.107868
885	tensor([6])	6	0.508	1	0:00:00.101909
886	tensor([6])	6	0.524	1	0:00:00.119929
887	tensor([3])	3	0.318	1	0:00:00.118326
888	tensor([2])	2	0.616	1	0:00:00.106553
889	tensor([1])	1	0.449	1	0:00:00.101961
890	tensor([3])	3	0.589	1	0:00:00.095582
891	tensor([2])	2	0.589	1	0:00:00.096752
892	tensor([2])	2	0.616	1	0:00:00.097146
893	tensor([9])	9	0.616	1	0:00:00.111274
894	tensor([3])	8	0.616	0	0:00:00.150717
895	tensor([0])	8	0.0187	0	0:00:00.141381
896	tensor([0])	0	0.616	1	0:00:00.138135
897	tensor([5])	5	0.571	1	0:00:00.197825
898	tensor([7])	8	0.0862	0	0:00:00.178582
899	tensor([8])	8	0.616	1	0:00:00.161411
900	tensor([1])	-1	0.0	0	0:00:00.186749
901	tensor([4])	8	0.0295	0	0:00:00.195014
902	tensor([4])	4	0.316	1	0:00:00.135273
903	tensor([6])	6	0.236	1	0:00:00.135123
904	tensor([0])	0	0.616	1	0:00:00.143196
905	tensor([2])	2	0.616	1	0:00:00.161101
906	tensor([9])	9	0.261	1	0:00:00.099726
907	tensor([1])	-1	0.0	0	0:00:00.101104
908	tensor([4])	9	0.165	0	0:00:00.100180
909	tensor([7])	7	0.316	1	0:00:00.099014
910	tensor([4])	4	0.181	1	0:00:00.097602
911	tensor([7])	7	0.616	1	0:00:00.097782
912	tensor([3])	3	0.616	1	0:00:00.099605
913	tensor([9])	9	0.175	1	0:00:00.095817
914	tensor([8])	8	0.616	1	0:00:00.095747
915	tensor([8])	8	0.383	1	0:00:00.099302
916	tensor([4])	4	0.373	1	0:00:00.095725
917	tensor([7])	7	0.393	1	0:00:00.096313
918	tensor([1])	0	0.589	0	0:00:00.097363
919	tensor([2])	2	0.0111	1	0:00:00.095878
920	tensor([1])	1	0.616	1	0:00:00.095809
921	tensor([2])	3	0.289	0	0:00:00.100023
922	tensor([2])	2	0.616	1	0:00:00.096055
923	tensor([3])	3	0.616	1	0:00:00.097047
924	tensor([2])	8	0.437	0	0:00:00.095542
925	tensor([3])	3	0.616	1	0:00:00.095685
926	tensor([2])	8	0.045	0	0:00:00.095624
927	tensor([3])	3	0.616	1	0:00:00.102297
928	tensor([9])	9	0.616	1	0:00:00.096487
929	tensor([1])	1	0.616	1	0:00:00.097507
930	tensor([7])	7	0.616	1	0:00:00.095710
931	tensor([4])	8	0.181	0	0:00:00.095921
932	tensor([0])	0	0.157	1	0:00:00.095660
933	tensor([3])	3	0.616	1	0:00:00.102317
934	tensor([5])	5	0.616	1	0:00:00.098050
935	tensor([5])	5	0.616	1	0:00:00.103439
936	tensor([8])	8	0.589	1	0:00:00.132068
937	tensor([6])	6	0.616	1	0:00:00.135874
938	tensor([3])	5	0.488	0	0:00:00.128323
939	tensor([2])	2	0.0283	1	0:00:00.131685
940	tensor([6])	6	0.183	1	0:00:00.144360
941	tensor([7])	7	0.571	1	0:00:00.135249
942	tensor([6])	6	0.616	1	0:00:00.133183
943	tensor([6])	8	0.313	0	0:00:00.140937
944	tensor([3])	3	0.571	1	0:00:00.136164
945	tensor([2])	8	0.616	0	0:00:00.136209
946	tensor([7])	7	0.616	1	0:00:00.143136
947	tensor([8])	-1	0.0	0	0:00:00.126636
948	tensor([1])	8	0.198	0	0:00:00.135136
949	tensor([1])	1	0.346	1	0:00:00.134086
950	tensor([7])	7	0.185	1	0:00:00.111816
951	tensor([5])	8	0.064	0	0:00:00.100584
952	tensor([6])	6	0.616	1	0:00:00.103310
953	tensor([4])	4	0.251	1	0:00:00.096218
954	tensor([9])	9	0.616	1	0:00:00.099688
955	tensor([5])	5	0.301	1	0:00:00.096101
956	tensor([1])	8	0.467	0	0:00:00.101230
957	tensor([3])	-1	0.0	0	0:00:00.096072
958	tensor([3])	8	0.135	0	0:00:00.103618
959	tensor([4])	8	0.433	0	0:00:00.096324
960	tensor([7])	8	0.467	0	0:00:00.099844
961	tensor([8])	8	0.616	1	0:00:00.100619
962	tensor([9])	9	0.557	1	0:00:00.095999
963	tensor([1])	0	0.616	0	0:00:00.096552
964	tensor([1])	8	0.544	0	0:00:00.100136
965	tensor([6])	6	0.589	1	0:00:00.095817
966	tensor([9])	9	0.616	1	0:00:00.095912
967	tensor([1])	8	0.616	0	0:00:00.100357
968	tensor([4])	4	0.616	1	0:00:00.098875
969	tensor([4])	4	0.1	1	0:00:00.095662
970	tensor([5])	5	0.616	1	0:00:00.099641
971	tensor([4])	4	0.39	1	0:00:00.095986
972	tensor([0])	0	0.616	1	0:00:00.096371
973	tensor([6])	6	0.616	1	0:00:00.097529
974	tensor([2])	2	0.335	1	0:00:00.096060
975	tensor([2])	8	0.616	0	0:00:00.096031
976	tensor([3])	3	0.477	1	0:00:00.102835
977	tensor([1])	0	0.135	0	0:00:00.096196
978	tensor([5])	5	0.616	1	0:00:00.097328
979	tensor([1])	8	0.0554	0	0:00:00.096205
980	tensor([2])	2	0.589	1	0:00:00.109666
981	tensor([0])	0	0.616	1	0:00:00.183119
982	tensor([3])	8	0.104	0	0:00:00.216695
983	tensor([8])	8	0.508	1	0:00:00.181526
984	tensor([1])	8	0.488	0	0:00:00.143825
985	tensor([2])	2	0.616	1	0:00:00.132710
986	tensor([6])	8	0.0359	0	0:00:00.125775
987	tensor([7])	7	0.616	1	0:00:00.131799
988	tensor([1])	8	0.0646	0	0:00:00.132821
989	tensor([6])	6	0.571	1	0:00:00.157903
990	tensor([2])	2	0.616	1	0:00:00.139390
991	tensor([3])	3	0.445	1	0:00:00.126959
992	tensor([9])	9	0.091	1	0:00:00.149049
993	tensor([0])	0	0.373	1	0:00:00.130106
994	tensor([1])	1	0.419	1	0:00:00.099347
995	tensor([2])	-1	0.0	0	0:00:00.095909
996	tensor([2])	2	0.616	1	0:00:00.095656
997	tensor([0])	0	0.616	1	0:00:00.095497
998	tensor([8])	8	0.616	1	0:00:00.104037
999	tensor([9])	8	0.616	0	0:00:00.096800
1000	tensor([9])	8	0.383	0	0:00:00.104006
